10, 4, 2, 8, 7
11, 9, 10, 3, 7, 2, 6, 8
1, 4, 11, 0, 9, 8, 3, 5, 10, 7, 2, 6
11, 9, 5, 0
3, 11, 8, 9, 6, 2, 10, 0, 1, 5, 4, 7
0
8, 11, 7, 0, 6, 1, 9, 5, 4, 3, 2, 10
6, 11, 5, 1, 2, 8, 7, 9
4, 10, 11, 7, 5, 1
3, 11, 0, 1, 5, 9, 8, 7, 10
9, 1, 11, 2, 3
8, 11, 0, 4, 10, 9, 7, 1, 3, 6, 2, 5
1, 9, 11
6, 11, 2, 5, 10, 4, 9, 1, 3, 7
1, 6
5, 3, 1, 8, 7, 10
6, 3, 9, 11, 0, 8, 10, 1, 5, 2, 4
9, 5, 3, 11
9, 0, 11, 10, 5, 6, 3, 8, 7, 1, 4, 2
0, 9
3, 11, 10
10, 3, 5, 8, 0, 6, 7, 11
3, 2, 7, 1, 11, 5
2, 1, 9, 7, 3, 10, 4, 5, 0, 6, 11, 8
0, 4
